100
-0.48
-0.27
-0.33
-0.26
0.08
0.36
0.24
0.17
-0.03
-0.27
0.35
-0.43
0.14
-0.09
0.48
-0.25
-0.00
0.47
-0.09
0.22
-0.31
-0.20
0.45
-0.42
-0.35
-0.31
0.21
-0.15
0.35
0.44
0.22
0.36
-0.12
0.27
0.43
0.45
0.33
-0.36
0.01
0.45
-0.16
0.40
0.15
-0.34
0.33
-0.17
0.07
0.35
-0.38
-0.07
0.27
0.32
-0.18
-0.13
-0.49
-0.07
-0.14
0.37
0.26
-0.11
-0.34
0.02
-0.41
0.42
-0.36
-0.45
0.02
-0.03
0.13
-0.18
0.22
0.40
0.44
-0.14
-0.32
0.17
-0.00
0.04
-0.31
0.27
0.31
-0.19
-0.46
0.47
-0.13
0.42
-0.02
0.19
0.46
-0.35
-0.03
-0.29
-0.19
0.16
0.27
0.26
-0.45
-0.46
-0.04
-0.23
